# K N T
3 5 3
# a
0.63 0.23 0.09 
# b
0 0.4 0.68 
# tau_low
0 0 0 
0 0 0 
0 0 0 
0 0 0 
0 0 0 
# tau_up
20 20 20 
20 20 20 
20 20 20 
20 20 20 
20 20 20 
# d_low
10.0933 10.8354 18.8703 
18.8415 17.6716 10.6824 
11.5219 18.5318 11.4643 
14.9358 17.9484 14.7387 
12.8657 11.6158 16.1793 
# d_up
15.1399 16.253 28.3054 
28.2622 26.5075 16.0237 
17.2828 27.7976 17.1965 
22.4037 26.9226 22.1081 
19.2986 17.4237 24.269 
# d_mu
13.1213 14.086 24.5313 
24.4939 22.9731 13.8872 
14.9784 24.0913 14.9036 
19.4165 23.3329 19.1603 
16.7254 15.1006 21.0331 
# cost
0 2.23607 2.23607 9.21954 9.21954 10 
2.23607 0 4 8 8.94427 9.21954 
2.23607 4 0 8.94427 8 9.21954 
9.21954 8 8.94427 0 4 2.23607 
9.21954 8.94427 8 4 0 2.23607 
10 9.21954 9.21954 2.23607 2.23607 0 
# B
24.95 25 25 
